# BLASTN 2.12.0+
# Query: ZFX from HM757100
# Database: ./Mico_database/Mico_db
# Fields: query acc.ver, subject acc.ver, % identity, alignment length, mismatches, gap opens, q. start, q. end, s. start, s. end, evalue, bit score
# 538 hits found
ZFX	Mico_rondoni_UFRO-MAM000556	83.262	233	37	2	352	584	30825	30595	6.27e-63	238
ZFX	Mico_rondoni_UFRO-MAM000556	77.936	281	51	5	295	575	3720	3451	2.05e-56	215
ZFX	Mico_rondoni_UFRO-MAM000556	79.508	244	49	1	340	583	146720	146962	2.50e-55	212
ZFX	Mico_rondoni_UFRO-MAM000556	78.039	255	55	1	325	579	102563	102310	3.71e-53	205
ZFX	Mico_rondoni_UFRO-MAM000556	78.632	234	48	2	331	562	52590	52357	8.16e-49	190
ZFX	Mico_rondoni_UFRO-MAM000556	77.686	242	51	3	334	574	44186	44425	1.21e-46	183
ZFX	Mico_rondoni_UFRO-MAM000556	75.630	238	56	2	310	547	68620	68385	3.96e-40	161
ZFX	Mico_rondoni_UFRO-MAM000556	76.190	210	34	3	380	576	21615	21409	5.88e-38	155
ZFX	Mico_rondoni_UFRO-MAM000556	74.888	223	47	6	357	574	682	900	6.71e-31	132
ZFX	Mico_rondoni_UFRO-MAM000556	80.451	133	26	0	448	580	85158	85026	9.95e-29	123
ZFX	Mico_rondoni_UFRO-MAM000556	75.281	178	43	1	337	513	105449	105272	1.21e-27	120
ZFX	Mico_rondoni_UFRO-MAM000556	80.000	120	16	2	460	579	77768	77879	7.65e-24	107
ZFX	Mico_rondoni_UFRO-MAM000556	79.032	124	24	1	460	583	2709	2830	9.32e-23	104
ZFX	Mico_rondoni_UFRO-MAM000556	69.847	262	63	6	328	575	93978	93719	9.32e-23	104
ZFX	Mico_rondoni_UFRO-MAM000556	80.952	105	20	0	475	579	32567	32671	1.14e-21	100
ZFX	Mico_rondoni_UFRO-MAM000556	72.308	195	51	3	390	583	25710	25518	3.96e-21	98.7
ZFX	Mico_rondoni_UFRO-MAM000556	77.344	128	24	3	448	574	66404	66281	5.88e-19	92.4
ZFX	Mico_rondoni_UFRO-MAM000556	72.500	160	44	0	297	456	98930	98771	5.88e-19	91.5
ZFX	Mico_rondoni_UFRO-MAM000556	80.645	62	12	0	529	590	3623	3562	3.48e-09	59.0
ZFX	Mico_rondoni_UFRO-MAM000556	80.645	62	12	0	529	590	30784	30723	3.48e-09	59.0
ZFX	Mico_rondoni_UFRO-MAM000556	80.328	61	12	0	529	589	146774	146834	1.21e-08	57.2
ZFX	Mico_rondoni_UFRO-MAM000556	77.419	62	14	0	372	433	43199	43260	1.80e-06	50.0
ZFX	Mico_rondoni_UFRO-MAM000556	78.689	61	12	1	531	590	105390	105330	6.29e-06	49.1
ZFX	Mico_rondoni_UFRO-MAM000556	74.242	66	17	0	366	431	44352	44417	2.67e-04	43.7
ZFX	Mico_rondoni_UFRO-MAM000556	82.927	41	7	0	550	590	68517	68477	2.67e-04	43.7
ZFX	Mico_rondoni_UFRO-MAM000556	74.242	66	17	0	366	431	146880	146945	2.67e-04	43.7
ZFX	Mico_rondoni_UFRO-MAM000556	92.000	25	2	0	554	578	3745	3769	0.011	37.4
ZFX	Mico_rondoni_UFRO-MAM000556	76.596	47	11	0	398	444	2780	2826	0.040	36.5
ZFX	Mico_rondoni_UFRO-MAM000556	74.510	51	13	0	395	445	102359	102309	0.14	34.6
ZFX	Mico_rondoni_UFRO-MAM000556	81.818	33	6	0	395	427	856	888	0.14	33.7
ZFX	Mico_rondoni_UFRO-MAM000556	74.000	50	13	0	395	444	30649	30600	0.48	32.8
ZFX	Mico_rondoni_UFRO-MAM000556	80.645	31	6	0	415	445	3476	3446	1.7	30.1
ZFX	Mico_rondoni_UFRO-MAM000556	100.000	15	0	0	432	446	48186	48172	5.9	28.3
ZFX	Mico_munduruku_RCA37	77.816	293	49	3	298	589	196260	195983	6.27e-63	237
ZFX	Mico_munduruku_RCA37	77.936	281	51	5	295	575	6580	6311	2.05e-56	215
ZFX	Mico_munduruku_RCA37	80.556	252	40	6	325	573	21072	20827	2.05e-56	215
ZFX	Mico_munduruku_RCA37	76.897	290	52	5	295	583	291733	292008	7.15e-56	214
ZFX	Mico_munduruku_RCA37	78.039	255	55	1	325	579	205567	205314	3.71e-53	205
ZFX	Mico_munduruku_RCA37	76.426	263	57	1	311	573	26916	27173	5.50e-51	197
ZFX	Mico_munduruku_RCA37	78.814	236	48	2	328	562	118412	118178	1.92e-50	196
ZFX	Mico_munduruku_RCA37	77.606	259	55	3	299	557	178193	177938	1.92e-50	196
ZFX	Mico_munduruku_RCA37	78.261	207	44	1	297	502	193522	193316	9.31e-42	168
ZFX	Mico_munduruku_RCA37	82.609	161	25	2	416	575	144006	144164	4.82e-39	159
ZFX	Mico_munduruku_RCA37	76.211	227	48	4	325	549	82814	82592	5.88e-38	154
ZFX	Mico_munduruku_RCA37	74.775	222	56	0	296	517	180261	180482	2.50e-36	149
ZFX	Mico_munduruku_RCA37	83.453	139	23	0	441	579	108464	108602	8.72e-36	148
ZFX	Mico_munduruku_RCA37	85.271	129	19	0	447	575	210266	210394	8.72e-36	148
ZFX	Mico_munduruku_RCA37	78.283	198	31	7	377	569	210253	210063	1.06e-34	143
ZFX	Mico_munduruku_RCA37	85.156	128	18	1	448	575	278207	278333	3.71e-34	142
ZFX	Mico_munduruku_RCA37	75.330	227	49	5	353	575	79925	80148	3.71e-34	141
ZFX	Mico_munduruku_RCA37	84.921	126	17	1	448	573	174996	175119	1.29e-33	140
ZFX	Mico_munduruku_RCA37	72.763	257	33	11	297	547	156861	156636	1.92e-31	132
ZFX	Mico_munduruku_RCA37	75.587	213	39	8	377	583	173942	173737	2.85e-29	126
ZFX	Mico_munduruku_RCA37	83.471	121	17	2	459	579	109124	109241	3.47e-28	123
ZFX	Mico_munduruku_RCA37	76.364	165	35	2	416	579	90733	90894	1.48e-26	117
ZFX	Mico_munduruku_RCA37	72.273	220	58	3	356	573	57214	57432	6.28e-25	112
ZFX	Mico_munduruku_RCA37	71.429	259	58	9	329	578	123561	123812	7.65e-24	108
ZFX	Mico_munduruku_RCA37	78.862	123	24	1	461	583	4567	4687	3.25e-22	103
ZFX	Mico_munduruku_RCA37	78.125	128	24	2	448	574	143325	143201	1.14e-21	100
ZFX	Mico_munduruku_RCA37	73.125	160	43	0	297	456	199387	199228	4.83e-20	96.0
ZFX	Mico_munduruku_RCA37	79.310	116	22	2	458	573	247991	248104	4.83e-20	95.1
ZFX	Mico_munduruku_RCA37	76.712	146	28	5	449	591	294811	294953	1.69e-19	94.2
ZFX	Mico_munduruku_RCA37	87.671	73	9	0	441	513	244782	244854	5.88e-19	92.4
ZFX	Mico_munduruku_RCA37	69.196	224	60	3	295	511	256752	256973	7.17e-18	88.7
ZFX	Mico_munduruku_RCA37	72.297	148	37	1	441	584	129107	129254	3.05e-16	82.4
ZFX	Mico_munduruku_RCA37	76.699	103	21	1	470	572	214141	214240	1.30e-14	77.0
ZFX	Mico_munduruku_RCA37	72.727	143	37	2	453	594	88812	88953	4.52e-14	76.1
ZFX	Mico_munduruku_RCA37	77.083	96	22	0	332	427	157000	156905	4.52e-14	75.2
ZFX	Mico_munduruku_RCA37	73.729	118	23	3	312	428	115584	115474	6.71e-12	68.0
ZFX	Mico_munduruku_RCA37	71.642	134	34	3	448	579	229862	229993	9.96e-10	61.7
ZFX	Mico_munduruku_RCA37	82.759	58	10	0	533	590	57256	57313	9.96e-10	60.8
ZFX	Mico_munduruku_RCA37	80.645	62	12	0	529	590	6483	6422	3.48e-09	59.0
ZFX	Mico_munduruku_RCA37	79.688	64	13	0	308	371	29846	29909	1.21e-08	58.1
ZFX	Mico_munduruku_RCA37	77.419	62	14	0	529	590	196178	196117	1.80e-06	50.0
ZFX	Mico_munduruku_RCA37	68.382	136	42	1	448	583	21878	22012	6.29e-06	49.1
ZFX	Mico_munduruku_RCA37	78.571	56	12	0	372	427	94553	94608	6.29e-06	48.2
ZFX	Mico_munduruku_RCA37	78.462	65	12	2	283	345	119415	119351	6.29e-06	48.2
ZFX	Mico_munduruku_RCA37	77.419	62	13	1	366	427	88861	88921	2.19e-05	46.4
ZFX	Mico_munduruku_RCA37	75.806	62	15	0	529	590	21004	20943	7.66e-05	45.5
ZFX	Mico_munduruku_RCA37	82.609	46	7	1	546	590	27010	27055	7.66e-05	44.6
ZFX	Mico_munduruku_RCA37	73.684	76	19	1	516	591	180347	180421	7.66e-05	44.6
ZFX	Mico_munduruku_RCA37	82.927	41	7	0	550	590	21845	21885	2.67e-04	43.7
ZFX	Mico_munduruku_RCA37	90.323	31	3	0	543	573	244867	244897	2.67e-04	43.7
ZFX	Mico_munduruku_RCA37	100.000	23	0	0	550	572	121263	121285	2.67e-04	42.8
ZFX	Mico_munduruku_RCA37	74.194	62	16	0	529	590	193424	193363	0.001	41.0
ZFX	Mico_munduruku_RCA37	72.727	66	18	0	366	431	108524	108589	0.003	39.2
ZFX	Mico_munduruku_RCA37	76.596	47	11	0	398	444	4637	4683	0.040	36.5
ZFX	Mico_munduruku_RCA37	74.510	51	13	0	395	445	205363	205313	0.14	34.6
ZFX	Mico_munduruku_RCA37	78.947	38	8	0	296	333	137136	137099	0.14	33.7
ZFX	Mico_munduruku_RCA37	77.500	40	9	0	551	590	144006	144045	0.48	32.8
ZFX	Mico_munduruku_RCA37	71.667	60	17	0	386	445	144110	144169	0.48	32.8
ZFX	Mico_munduruku_RCA37	83.333	30	5	0	398	427	294894	294923	0.48	32.8
ZFX	Mico_munduruku_RCA37	90.909	22	2	0	312	333	123712	123733	0.48	31.9
ZFX	Mico_munduruku_RCA37	70.968	62	18	0	529	590	210236	210175	0.48	31.9
ZFX	Mico_munduruku_RCA37	100.000	17	0	0	317	333	256945	256961	0.48	31.9
ZFX	Mico_munduruku_RCA37	68.675	83	24	1	508	590	79945	80025	1.7	31.0
ZFX	Mico_munduruku_RCA37	76.923	39	9	0	295	333	229875	229913	1.7	31.0
ZFX	Mico_munduruku_RCA37	80.645	31	6	0	415	445	6336	6306	1.7	30.1
ZFX	Mico_munduruku_RCA37	91.304	23	1	1	392	413	69372	69350	1.7	30.1
ZFX	Mico_munduruku_RCA37	80.645	31	6	0	398	428	90848	90878	1.7	30.1
ZFX	Mico_munduruku_RCA37	72.549	51	14	0	398	448	109195	109245	1.7	30.1
ZFX	Mico_munduruku_RCA37	77.143	35	8	0	529	563	156938	156904	5.9	28.3
ZFX	Mico_munduruku_RCA37	80.000	30	6	0	561	590	174974	175003	5.9	28.3
ZFX	Mico_munduruku_RCA37	80.000	30	6	0	398	427	210099	210070	5.9	28.3
ZFX	Mico_munduruku_RCA37	80.000	30	6	0	398	427	214201	214230	5.9	28.3
ZFX	Mico_intermedius_FES26	79.286	280	53	3	295	573	229388	229663	2.19e-62	235
ZFX	Mico_intermedius_FES26	79.508	244	49	1	340	583	274516	274758	7.15e-56	214
ZFX	Mico_intermedius_FES26	77.032	283	61	3	296	577	19984	19705	3.04e-54	208
ZFX	Mico_intermedius_FES26	78.346	254	53	2	340	592	17460	17712	1.29e-52	204
ZFX	Mico_intermedius_FES26	78.750	240	50	1	334	573	28464	28702	1.58e-51	200
ZFX	Mico_intermedius_FES26	82.564	195	34	0	389	583	278670	278476	1.58e-51	199
ZFX	Mico_intermedius_FES26	79.060	234	48	1	330	562	104113	103880	5.50e-51	198
ZFX	Mico_intermedius_FES26	77.966	236	51	1	340	574	85944	86179	2.85e-48	188
ZFX	Mico_intermedius_FES26	78.846	208	43	1	296	502	175385	175178	6.28e-44	174
ZFX	Mico_intermedius_FES26	75.325	231	48	2	356	586	231296	231517	1.38e-39	159
ZFX	Mico_intermedius_FES26	76.190	210	34	3	380	576	38833	38627	5.88e-38	155
ZFX	Mico_intermedius_FES26	75.771	227	49	4	325	549	73480	73258	2.50e-36	150
ZFX	Mico_intermedius_FES26	74.262	237	57	2	347	581	112131	112365	2.50e-36	150
ZFX	Mico_intermedius_FES26	85.271	129	19	0	447	575	195504	195632	8.72e-36	148
ZFX	Mico_intermedius_FES26	74.380	242	55	4	340	579	232249	232485	3.04e-35	146
ZFX	Mico_intermedius_FES26	73.606	269	59	7	287	547	79724	79460	3.04e-35	145
ZFX	Mico_intermedius_FES26	78.462	195	30	7	380	569	194860	194673	3.71e-34	142
ZFX	Mico_intermedius_FES26	85.156	128	18	1	448	575	263825	263951	3.71e-34	142
ZFX	Mico_intermedius_FES26	85.950	121	16	1	444	563	175791	175911	4.52e-33	139
ZFX	Mico_intermedius_FES26	73.707	232	43	7	352	573	277047	277270	2.34e-30	129
ZFX	Mico_intermedius_FES26	74.719	178	44	1	337	513	196000	195823	1.48e-26	117
ZFX	Mico_intermedius_FES26	82.456	114	19	1	461	574	26205	26317	1.80e-25	113
ZFX	Mico_intermedius_FES26	70.107	281	71	7	298	572	267314	267041	2.19e-24	109
ZFX	Mico_intermedius_FES26	73.333	195	35	6	393	584	254199	254019	2.67e-23	106
ZFX	Mico_intermedius_FES26	70.435	230	45	6	356	573	115332	115550	3.25e-22	103
ZFX	Mico_intermedius_FES26	78.571	140	19	6	448	583	78472	78604	1.14e-21	101
ZFX	Mico_intermedius_FES26	77.612	134	27	2	442	575	139989	140119	1.14e-21	101
ZFX	Mico_intermedius_FES26	80.952	105	20	0	475	579	60748	60852	1.14e-21	100
ZFX	Mico_intermedius_FES26	70.833	240	57	7	348	578	108277	108512	3.96e-21	98.7
ZFX	Mico_intermedius_FES26	69.068	236	53	4	317	547	160800	160580	1.38e-20	97.8
ZFX	Mico_intermedius_FES26	68.067	238	43	5	348	573	93063	93279	4.83e-20	95.1
ZFX	Mico_intermedius_FES26	79.310	116	22	2	458	573	235149	235262	4.83e-20	95.1
ZFX	Mico_intermedius_FES26	76.712	146	28	5	449	591	281618	281760	1.69e-19	94.2
ZFX	Mico_intermedius_FES26	79.048	105	22	0	470	574	97650	97754	5.88e-19	91.5
ZFX	Mico_intermedius_FES26	79.817	109	20	2	470	577	233201	233308	5.88e-19	91.5
ZFX	Mico_intermedius_FES26	69.196	224	60	3	295	511	243403	243624	7.17e-18	88.7
ZFX	Mico_intermedius_FES26	78.571	98	21	0	448	545	185584	185487	3.05e-16	83.3
ZFX	Mico_intermedius_FES26	72.297	148	37	1	441	584	114045	114192	3.05e-16	82.4
ZFX	Mico_intermedius_FES26	73.427	143	35	3	453	594	79900	80040	1.30e-14	77.0
ZFX	Mico_intermedius_FES26	76.699	103	21	1	470	572	201318	201417	1.30e-14	77.0
ZFX	Mico_intermedius_FES26	73.810	126	32	1	296	421	119432	119556	4.52e-14	76.1
ZFX	Mico_intermedius_FES26	79.268	82	17	0	433	514	284486	284567	5.51e-13	72.5
ZFX	Mico_intermedius_FES26	83.871	62	10	0	529	590	17514	17575	6.71e-12	68.0
ZFX	Mico_intermedius_FES26	79.452	73	15	0	519	591	277073	277145	8.18e-11	65.3
ZFX	Mico_intermedius_FES26	71.642	134	34	3	448	579	216823	216954	9.96e-10	61.7
ZFX	Mico_intermedius_FES26	80.328	61	12	0	529	589	274570	274630	1.21e-08	57.2
ZFX	Mico_intermedius_FES26	73.118	93	25	0	318	410	40869	40777	4.24e-08	56.3
ZFX	Mico_intermedius_FES26	67.550	151	26	4	288	435	3643	3773	4.24e-08	55.4
ZFX	Mico_intermedius_FES26	78.462	65	14	0	529	593	231334	231398	4.24e-08	55.4
ZFX	Mico_intermedius_FES26	79.032	62	13	0	529	590	229486	229547	1.48e-07	54.5
ZFX	Mico_intermedius_FES26	75.000	76	19	0	515	590	19900	19825	5.16e-07	52.7
ZFX	Mico_intermedius_FES26	78.689	61	12	1	531	590	195941	195881	6.29e-06	49.1
ZFX	Mico_intermedius_FES26	79.245	53	11	0	538	590	115379	115431	2.19e-05	47.3
ZFX	Mico_intermedius_FES26	75.806	62	15	0	529	590	175286	175225	7.66e-05	45.5
ZFX	Mico_intermedius_FES26	82.609	46	7	1	546	590	28539	28584	7.66e-05	44.6
ZFX	Mico_intermedius_FES26	77.778	63	12	2	366	427	175849	175910	7.66e-05	44.6
ZFX	Mico_intermedius_FES26	72.840	81	17	2	366	444	17621	17698	2.67e-04	43.7
ZFX	Mico_intermedius_FES26	74.242	66	17	0	366	431	86106	86171	2.67e-04	43.7
ZFX	Mico_intermedius_FES26	74.242	66	17	0	366	431	274676	274741	2.67e-04	43.7
ZFX	Mico_intermedius_FES26	74.194	62	16	0	529	590	85999	86060	0.001	41.0
ZFX	Mico_intermedius_FES26	74.194	62	16	0	529	590	112178	112239	0.001	41.0
ZFX	Mico_intermedius_FES26	100.000	21	0	0	552	572	106993	107013	0.003	39.2
ZFX	Mico_intermedius_FES26	80.488	41	8	0	550	590	232324	232364	0.003	39.2
ZFX	Mico_intermedius_FES26	75.806	62	13	2	366	427	79949	80008	0.011	38.3
ZFX	Mico_intermedius_FES26	77.778	45	10	0	383	427	233249	233293	0.011	37.4
ZFX	Mico_intermedius_FES26	91.667	24	2	0	453	476	42516	42493	0.040	35.6
ZFX	Mico_intermedius_FES26	79.487	39	8	0	295	333	160671	160633	0.040	35.6
ZFX	Mico_intermedius_FES26	75.000	60	13	2	386	444	229611	229669	0.14	34.6
ZFX	Mico_intermedius_FES26	78.947	38	8	0	296	333	122521	122484	0.14	33.7
ZFX	Mico_intermedius_FES26	80.000	35	7	0	529	563	79612	79578	0.48	32.8
ZFX	Mico_intermedius_FES26	83.333	30	5	0	398	427	140077	140106	0.48	32.8
ZFX	Mico_intermedius_FES26	77.551	49	9	2	397	444	254071	254024	0.48	32.8
ZFX	Mico_intermedius_FES26	83.333	30	5	0	398	427	281701	281730	0.48	32.8
ZFX	Mico_intermedius_FES26	70.968	62	18	0	529	590	194846	194785	0.48	31.9
ZFX	Mico_intermedius_FES26	100.000	17	0	0	317	333	243596	243612	0.48	31.9
ZFX	Mico_intermedius_FES26	90.909	22	2	0	312	333	267134	267113	0.48	31.9
ZFX	Mico_intermedius_FES26	76.923	39	9	0	295	333	216836	216874	1.7	31.0
ZFX	Mico_intermedius_FES26	90.000	20	2	0	839	858	80994	81013	5.9	28.3
ZFX	Mico_intermedius_FES26	80.000	30	6	0	398	427	194709	194680	5.9	28.3
ZFX	Mico_intermedius_FES26	80.000	30	6	0	398	427	201378	201407	5.9	28.3
ZFX	Mico_intermedius_FES26	84.000	25	4	0	403	427	278521	278497	5.9	28.3
ZFX	Mico_leucippe_RCA45	77.474	293	50	3	298	589	185159	184882	2.67e-61	233
ZFX	Mico_leucippe_RCA45	82.403	233	39	2	352	584	57240	57010	3.25e-60	229
ZFX	Mico_leucippe_RCA45	80.556	252	40	6	325	573	21269	21024	2.05e-56	215
ZFX	Mico_leucippe_RCA45	76.897	290	52	5	295	583	280303	280578	7.15e-56	214
ZFX	Mico_leucippe_RCA45	78.261	253	54	1	299	551	165659	165408	3.71e-53	205
ZFX	Mico_leucippe_RCA45	78.039	255	55	1	325	579	197017	196764	3.71e-53	205
ZFX	Mico_leucippe_RCA45	78.059	237	50	2	328	562	108281	108045	2.34e-49	192
ZFX	Mico_leucippe_RCA45	74.643	280	62	3	309	586	175750	175478	1.48e-45	180
ZFX	Mico_leucippe_RCA45	78.788	231	39	6	356	583	216186	216409	1.48e-45	180
ZFX	Mico_leucippe_RCA45	78.365	208	44	1	296	502	181395	181188	2.67e-42	169
ZFX	Mico_leucippe_RCA45	75.325	231	48	2	356	586	232691	232912	1.38e-39	159
ZFX	Mico_leucippe_RCA45	76.000	225	48	4	325	547	70619	70399	7.16e-37	150
ZFX	Mico_leucippe_RCA45	73.606	269	59	7	287	547	78305	78041	3.04e-35	145
ZFX	Mico_leucippe_RCA45	85.156	128	18	1	448	575	263962	264088	3.71e-34	142
ZFX	Mico_leucippe_RCA45	75.785	223	45	6	357	574	1669	1887	1.29e-33	141
ZFX	Mico_leucippe_RCA45	84.921	126	17	1	448	573	161161	161284	1.29e-33	140
ZFX	Mico_leucippe_RCA45	74.793	242	49	8	339	574	48542	48777	1.58e-32	137
ZFX	Mico_leucippe_RCA45	72.763	257	33	11	297	547	141497	141272	1.92e-31	132
ZFX	Mico_leucippe_RCA45	73.892	203	40	2	385	583	106010	105817	6.71e-31	131
ZFX	Mico_leucippe_RCA45	72.414	232	47	6	352	573	276978	277202	9.95e-29	124
ZFX	Mico_leucippe_RCA45	80.451	133	26	0	448	580	166616	166484	9.95e-29	123
ZFX	Mico_leucippe_RCA45	75.281	178	43	1	337	513	205109	204932	1.21e-27	120
ZFX	Mico_leucippe_RCA45	78.523	149	28	2	431	579	240713	240857	1.21e-27	120
ZFX	Mico_leucippe_RCA45	70.588	238	56	2	317	549	166895	166667	4.23e-27	118
ZFX	Mico_leucippe_RCA45	72.273	220	58	3	356	573	50866	51084	6.28e-25	112
ZFX	Mico_leucippe_RCA45	70.107	281	71	7	298	572	267430	267157	2.19e-24	109
ZFX	Mico_leucippe_RCA45	75.148	169	40	2	417	583	277294	277462	2.19e-24	109
ZFX	Mico_leucippe_RCA45	71.429	259	58	9	329	578	113578	113829	7.65e-24	108
ZFX	Mico_leucippe_RCA45	80.000	120	16	2	460	579	151549	151660	7.65e-24	107
ZFX	Mico_leucippe_RCA45	78.862	123	24	1	461	583	4954	5074	3.25e-22	103
ZFX	Mico_leucippe_RCA45	69.767	258	62	6	331	575	179531	179277	3.25e-22	102
ZFX	Mico_leucippe_RCA45	73.292	161	43	0	297	457	187719	187559	1.38e-20	97.8
ZFX	Mico_leucippe_RCA45	87.671	73	9	0	441	513	234559	234631	5.88e-19	92.4
ZFX	Mico_leucippe_RCA45	79.817	109	20	2	470	577	236063	236170	5.88e-19	91.5
ZFX	Mico_leucippe_RCA45	69.091	220	59	3	295	507	245831	246048	2.50e-17	86.0
ZFX	Mico_leucippe_RCA45	78.571	98	21	0	448	545	193529	193432	3.05e-16	83.3
ZFX	Mico_leucippe_RCA45	77.660	94	21	0	334	427	141634	141541	4.52e-14	76.1
ZFX	Mico_leucippe_RCA45	73.504	117	23	3	312	427	104111	104002	2.34e-11	66.2
ZFX	Mico_leucippe_RCA45	79.452	73	15	0	519	591	277004	277076	8.18e-11	65.3
ZFX	Mico_leucippe_RCA45	82.759	58	10	0	533	590	50908	50965	9.96e-10	60.8
ZFX	Mico_leucippe_RCA45	74.038	104	25	2	317	420	121954	122055	3.48e-09	59.9
ZFX	Mico_leucippe_RCA45	80.000	60	12	0	531	590	105999	105940	4.24e-08	55.4
ZFX	Mico_leucippe_RCA45	78.462	65	14	0	529	593	232729	232793	4.24e-08	55.4
ZFX	Mico_leucippe_RCA45	79.032	62	13	0	529	590	57199	57138	1.48e-07	54.5
ZFX	Mico_leucippe_RCA45	79.365	63	12	1	529	590	48601	48663	5.16e-07	52.7
ZFX	Mico_leucippe_RCA45	79.032	62	11	1	529	590	216224	216283	5.16e-07	51.8
ZFX	Mico_leucippe_RCA45	84.444	45	7	0	530	574	224402	224358	1.80e-06	50.9
ZFX	Mico_leucippe_RCA45	77.419	62	14	0	529	590	185077	185016	1.80e-06	50.0
ZFX	Mico_leucippe_RCA45	68.382	136	42	1	448	583	21385	21519	6.29e-06	49.1
ZFX	Mico_leucippe_RCA45	78.689	61	12	1	531	590	205050	204990	6.29e-06	49.1
ZFX	Mico_leucippe_RCA45	75.806	62	15	0	529	590	21201	21140	7.66e-05	45.5
ZFX	Mico_leucippe_RCA45	90.323	31	3	0	543	573	234644	234674	2.67e-04	43.7
ZFX	Mico_leucippe_RCA45	82.500	40	7	0	551	590	21353	21392	0.001	41.9
ZFX	Mico_leucippe_RCA45	74.194	62	16	0	529	590	181296	181235	0.001	41.0
ZFX	Mico_leucippe_RCA45	73.770	61	16	0	529	589	175672	175612	0.003	39.2
ZFX	Mico_leucippe_RCA45	77.778	45	10	0	383	427	236111	236155	0.011	37.4
ZFX	Mico_leucippe_RCA45	76.596	47	11	0	398	444	5024	5070	0.040	36.5
ZFX	Mico_leucippe_RCA45	74.576	59	14	1	366	424	179350	179293	0.040	36.5
ZFX	Mico_leucippe_RCA45	91.667	24	2	0	453	476	41138	41115	0.040	35.6
ZFX	Mico_leucippe_RCA45	79.487	39	8	0	295	333	166760	166722	0.040	35.6
ZFX	Mico_leucippe_RCA45	78.049	41	9	0	551	591	166648	166608	0.14	34.6
ZFX	Mico_leucippe_RCA45	74.510	51	13	0	395	445	196813	196763	0.14	34.6
ZFX	Mico_leucippe_RCA45	74.000	50	13	0	395	444	57064	57015	0.48	32.8
ZFX	Mico_leucippe_RCA45	80.000	35	7	0	529	563	78193	78159	0.48	32.8
ZFX	Mico_leucippe_RCA45	90.909	22	2	0	312	333	113729	113750	0.48	31.9
ZFX	Mico_leucippe_RCA45	81.250	32	6	0	559	590	161137	161168	0.48	31.9
ZFX	Mico_leucippe_RCA45	100.000	17	0	0	317	333	246024	246040	0.48	31.9
ZFX	Mico_leucippe_RCA45	90.909	22	2	0	312	333	267250	267229	0.48	31.9
ZFX	Mico_leucippe_RCA45	77.778	45	7	2	531	574	277274	277316	1.7	31.0
ZFX	Mico_leucippe_RCA45	78.788	33	7	0	395	427	1843	1875	5.9	29.2
ZFX	Mico_leucippe_RCA45	77.143	35	8	0	529	563	141574	141540	5.9	28.3
ZFX	Mico_leucippe_RCA38	77.474	293	50	3	298	589	242497	242220	2.67e-61	233
ZFX	Mico_leucippe_RCA38	80.328	244	47	1	340	583	357004	357246	4.82e-58	221
ZFX	Mico_leucippe_RCA38	80.556	252	40	6	325	573	26488	26243	2.05e-56	215
ZFX	Mico_leucippe_RCA38	80.247	243	41	5	346	586	80342	80579	1.06e-53	206
ZFX	Mico_leucippe_RCA38	82.090	201	36	0	383	583	363889	363689	4.51e-52	201
ZFX	Mico_leucippe_RCA38	78.632	234	50	0	340	573	34374	34607	5.50e-51	197
ZFX	Mico_leucippe_RCA38	79.476	229	43	2	356	583	277431	277656	1.92e-50	196
ZFX	Mico_leucippe_RCA38	78.723	235	48	2	330	562	139755	139521	2.34e-49	192
ZFX	Mico_leucippe_RCA38	74.643	280	62	3	309	586	227109	226837	1.48e-45	180
ZFX	Mico_leucippe_RCA38	76.000	250	55	3	332	579	304901	305147	2.19e-43	172
ZFX	Mico_leucippe_RCA38	75.697	251	59	2	297	547	173573	173325	7.65e-43	171
ZFX	Mico_leucippe_RCA38	78.365	208	44	1	296	502	235410	235203	2.67e-42	169
ZFX	Mico_leucippe_RCA38	75.325	231	48	2	356	586	303890	304111	1.38e-39	159
ZFX	Mico_leucippe_RCA38	82.609	161	25	2	416	575	167422	167580	4.82e-39	159
ZFX	Mico_leucippe_RCA38	77.451	204	45	1	380	583	247163	246961	4.82e-39	158
ZFX	Mico_leucippe_RCA38	74.684	237	56	2	347	581	148588	148822	2.05e-37	152
ZFX	Mico_leucippe_RCA38	75.556	225	49	4	325	547	95735	95515	8.72e-36	148
ZFX	Mico_leucippe_RCA38	85.271	129	19	0	447	575	263096	263224	8.72e-36	148
ZFX	Mico_leucippe_RCA38	78.462	195	30	7	380	569	261756	261569	3.71e-34	142
ZFX	Mico_leucippe_RCA38	85.156	128	18	1	448	575	345840	345966	3.71e-34	142
ZFX	Mico_leucippe_RCA38	75.330	227	49	5	353	575	91864	92087	3.71e-34	141
ZFX	Mico_leucippe_RCA38	85.950	121	16	1	444	563	237156	237276	4.52e-33	139
ZFX	Mico_leucippe_RCA38	74.689	241	49	8	340	574	59884	60118	5.50e-32	135
ZFX	Mico_leucippe_RCA38	73.568	227	55	3	356	579	102221	102445	6.71e-31	131
ZFX	Mico_leucippe_RCA38	72.727	231	46	6	352	573	360580	360802	3.47e-28	122
ZFX	Mico_leucippe_RCA38	76.250	160	37	1	416	575	175048	175206	5.16e-26	114
ZFX	Mico_leucippe_RCA38	69.416	291	82	4	295	583	187843	188128	1.80e-25	113
ZFX	Mico_leucippe_RCA38	72.273	220	58	3	356	573	65865	66083	6.28e-25	112
ZFX	Mico_leucippe_RCA38	71.721	244	56	7	344	578	145635	145874	2.19e-24	110
ZFX	Mico_leucippe_RCA38	79.200	125	24	1	459	583	6864	6986	2.67e-23	106
ZFX	Mico_leucippe_RCA38	73.333	195	35	6	393	584	331141	330961	2.67e-23	106
ZFX	Mico_leucippe_RCA38	70.435	230	45	6	356	573	150879	151097	3.25e-22	103
ZFX	Mico_leucippe_RCA38	79.508	122	23	2	452	573	308283	308402	1.14e-21	101
ZFX	Mico_leucippe_RCA38	78.125	128	24	2	448	574	166415	166291	1.14e-21	100
ZFX	Mico_leucippe_RCA38	69.685	254	61	6	335	575	233143	232893	3.96e-21	99.6
ZFX	Mico_leucippe_RCA38	73.125	160	43	0	297	456	248964	248805	4.83e-20	96.0
ZFX	Mico_leucippe_RCA38	71.795	195	52	3	390	583	54591	54399	1.69e-19	94.2
ZFX	Mico_leucippe_RCA38	87.671	73	9	0	441	513	305372	305444	5.88e-19	92.4
ZFX	Mico_leucippe_RCA38	67.647	238	44	5	348	573	124687	124903	2.05e-18	90.6
ZFX	Mico_leucippe_RCA38	78.095	105	23	0	466	570	132076	132180	2.50e-17	86.9
ZFX	Mico_leucippe_RCA38	76.577	111	25	1	317	427	195985	195876	1.06e-15	80.6
ZFX	Mico_leucippe_RCA38	68.201	239	65	5	357	594	106094	106322	1.30e-14	77.0
ZFX	Mico_leucippe_RCA38	76.699	103	21	1	470	572	270218	270317	1.30e-14	77.0
ZFX	Mico_leucippe_RCA38	82.258	62	11	0	529	590	277469	277530	2.85e-10	63.5
ZFX	Mico_leucippe_RCA38	85.185	54	8	0	530	583	287285	287232	2.85e-10	62.6
ZFX	Mico_leucippe_RCA38	78.873	71	15	0	519	589	360606	360676	9.96e-10	61.7
ZFX	Mico_leucippe_RCA38	82.759	58	10	0	533	590	65907	65964	9.96e-10	60.8
ZFX	Mico_leucippe_RCA38	80.328	61	12	0	529	589	357058	357118	1.21e-08	57.2
ZFX	Mico_leucippe_RCA38	73.118	93	25	0	318	410	48496	48404	4.24e-08	56.3
ZFX	Mico_leucippe_RCA38	67.550	151	26	4	288	435	4751	4881	4.24e-08	55.4
ZFX	Mico_leucippe_RCA38	78.462	65	14	0	529	593	303928	303992	4.24e-08	55.4
ZFX	Mico_leucippe_RCA38	79.365	63	12	1	529	590	59942	60004	5.16e-07	52.7
ZFX	Mico_leucippe_RCA38	77.419	62	14	0	372	433	115330	115391	1.80e-06	50.0
ZFX	Mico_leucippe_RCA38	77.419	62	14	0	529	590	242415	242354	1.80e-06	50.0
ZFX	Mico_leucippe_RCA38	68.382	136	42	1	448	583	27294	27428	6.29e-06	49.1
ZFX	Mico_leucippe_RCA38	79.245	53	11	0	538	590	150926	150978	2.19e-05	47.3
ZFX	Mico_leucippe_RCA38	75.806	62	15	0	529	590	26420	26359	7.66e-05	45.5
ZFX	Mico_leucippe_RCA38	82.609	46	7	1	546	590	34444	34489	7.66e-05	44.6
ZFX	Mico_leucippe_RCA38	77.778	63	12	2	366	427	237214	237275	7.66e-05	44.6
ZFX	Mico_leucippe_RCA38	82.927	41	7	0	550	590	27261	27301	2.67e-04	43.7
ZFX	Mico_leucippe_RCA38	90.323	31	3	0	543	573	305457	305487	2.67e-04	43.7
ZFX	Mico_leucippe_RCA38	74.242	66	17	0	366	431	357164	357229	2.67e-04	43.7
ZFX	Mico_leucippe_RCA38	76.190	63	10	2	530	590	80389	80448	2.67e-04	42.8
ZFX	Mico_leucippe_RCA38	74.194	62	16	0	529	590	148635	148696	0.001	41.0
ZFX	Mico_leucippe_RCA38	74.194	62	16	0	529	590	235311	235250	0.001	41.0
ZFX	Mico_leucippe_RCA38	80.488	41	8	0	550	590	173457	173417	0.003	39.2
ZFX	Mico_leucippe_RCA38	73.770	61	16	0	529	589	227031	226971	0.003	39.2
ZFX	Mico_leucippe_RCA38	80.488	41	8	0	550	590	304984	305024	0.003	39.2
ZFX	Mico_leucippe_RCA38	76.596	47	11	0	398	444	6936	6982	0.040	36.5
ZFX	Mico_leucippe_RCA38	91.667	24	2	0	550	573	195888	195865	0.040	35.6
ZFX	Mico_leucippe_RCA38	77.500	40	9	0	551	590	167422	167461	0.48	32.8
ZFX	Mico_leucippe_RCA38	71.667	60	17	0	386	445	167526	167585	0.48	32.8
ZFX	Mico_leucippe_RCA38	77.551	49	9	2	397	444	331013	330966	0.48	32.8
ZFX	Mico_leucippe_RCA38	90.909	22	2	0	312	333	145774	145795	0.48	31.9
ZFX	Mico_leucippe_RCA38	78.378	37	8	0	297	333	159543	159507	0.48	31.9
ZFX	Mico_leucippe_RCA38	70.968	62	18	0	529	590	261742	261681	0.48	31.9
ZFX	Mico_leucippe_RCA38	68.675	83	24	1	508	590	91884	91964	1.7	31.0
ZFX	Mico_leucippe_RCA38	72.414	58	15	1	374	431	102376	102432	1.7	30.1
ZFX	Mico_leucippe_RCA38	94.444	18	1	0	438	455	187413	187430	5.9	29.2
ZFX	Mico_leucippe_RCA38	90.000	20	2	0	356	375	19951	19932	5.9	28.3
ZFX	Mico_leucippe_RCA38	90.000	20	2	0	753	772	63460	63479	5.9	28.3
ZFX	Mico_leucippe_RCA38	100.000	15	0	0	432	446	124617	124603	5.9	28.3
ZFX	Mico_leucippe_RCA38	80.000	30	6	0	398	427	261605	261576	5.9	28.3
ZFX	Mico_leucippe_RCA38	80.000	30	6	0	398	427	270278	270307	5.9	28.3
ZFX	Mico_leucippe_RCA38	84.000	25	4	0	403	427	363734	363710	5.9	28.3
ZFX	Mico_leucippe_RCA55	78.929	280	53	4	296	573	278322	278597	9.31e-61	231
ZFX	Mico_leucippe_RCA55	80.556	252	40	6	325	573	26748	26503	2.05e-56	215
ZFX	Mico_leucippe_RCA55	80.417	240	40	5	349	586	79704	79938	3.71e-53	205
ZFX	Mico_leucippe_RCA55	78.039	255	55	1	325	579	233770	233517	3.71e-53	205
ZFX	Mico_leucippe_RCA55	78.346	254	53	2	340	592	21795	22047	1.29e-52	204
ZFX	Mico_leucippe_RCA55	82.090	201	36	0	383	583	337769	337569	4.51e-52	201
ZFX	Mico_leucippe_RCA55	79.060	234	48	1	330	562	131810	131577	5.50e-51	198
ZFX	Mico_leucippe_RCA55	75.732	239	56	2	310	548	162621	162385	1.13e-40	163
ZFX	Mico_leucippe_RCA55	75.325	231	48	2	356	586	279544	279765	1.38e-39	159
ZFX	Mico_leucippe_RCA55	76.000	225	48	4	325	547	91962	91742	7.16e-37	150
ZFX	Mico_leucippe_RCA55	85.271	129	19	0	447	575	242967	243095	8.72e-36	148
ZFX	Mico_leucippe_RCA55	85.156	128	18	1	448	575	323785	323911	3.71e-34	142
ZFX	Mico_leucippe_RCA55	84.921	126	17	1	448	573	196208	196331	1.29e-33	140
ZFX	Mico_leucippe_RCA55	74.689	241	49	8	340	574	61305	61539	5.50e-32	135
ZFX	Mico_leucippe_RCA55	81.818	132	24	0	442	573	40659	40790	6.71e-31	131
ZFX	Mico_leucippe_RCA55	73.568	227	55	3	356	579	96044	96268	6.71e-31	131
ZFX	Mico_leucippe_RCA55	84.298	121	17	1	459	579	121236	121354	6.71e-31	131
ZFX	Mico_leucippe_RCA55	74.372	199	45	1	385	583	129878	129686	6.71e-31	131
ZFX	Mico_leucippe_RCA55	73.276	232	45	6	352	573	335151	335375	8.17e-30	128
ZFX	Mico_leucippe_RCA55	79.195	149	27	2	431	579	287343	287487	9.95e-29	124
ZFX	Mico_leucippe_RCA55	80.451	133	26	0	448	580	201451	201319	9.95e-29	123
ZFX	Mico_leucippe_RCA55	75.281	178	43	1	337	513	243779	243602	1.21e-27	120
ZFX	Mico_leucippe_RCA55	76.250	160	37	1	416	575	165414	165572	5.16e-26	114
ZFX	Mico_leucippe_RCA55	69.286	280	80	3	295	573	175414	175688	2.19e-24	110
ZFX	Mico_leucippe_RCA55	75.148	169	40	2	417	583	335467	335635	2.19e-24	109
ZFX	Mico_leucippe_RCA55	79.200	125	24	1	459	583	6547	6669	2.67e-23	106
ZFX	Mico_leucippe_RCA55	70.079	254	60	6	335	575	215048	214798	9.32e-23	104
ZFX	Mico_leucippe_RCA55	80.952	105	20	0	475	579	78811	78915	3.25e-22	102
ZFX	Mico_leucippe_RCA55	78.571	140	19	6	448	583	97380	97512	1.14e-21	101
ZFX	Mico_leucippe_RCA55	73.292	161	43	0	297	457	226194	226034	1.38e-20	97.8
ZFX	Mico_leucippe_RCA55	68.067	238	42	6	348	573	118528	118743	5.88e-19	91.5
ZFX	Mico_leucippe_RCA55	75.182	137	30	2	448	583	308773	308906	2.05e-18	89.7
ZFX	Mico_leucippe_RCA55	76.119	134	27	4	442	575	171386	171514	8.73e-17	85.1
ZFX	Mico_leucippe_RCA55	76.577	111	25	1	317	427	184248	184139	1.06e-15	80.6
ZFX	Mico_leucippe_RCA55	68.201	239	65	5	357	594	100332	100560	1.30e-14	77.0
ZFX	Mico_leucippe_RCA55	76.699	103	21	1	470	572	248804	248903	1.30e-14	77.0
ZFX	Mico_leucippe_RCA55	79.268	82	17	0	433	514	346023	346104	5.51e-13	72.5
ZFX	Mico_leucippe_RCA55	83.871	62	10	0	529	590	21849	21910	6.71e-12	68.0
ZFX	Mico_leucippe_RCA55	79.452	73	15	0	519	591	335177	335249	8.18e-11	65.3
ZFX	Mico_leucippe_RCA55	85.185	54	8	0	530	583	265800	265747	2.85e-10	62.6
ZFX	Mico_leucippe_RCA55	71.642	134	34	3	448	579	265822	265953	9.96e-10	61.7
ZFX	Mico_leucippe_RCA55	73.118	93	25	0	318	410	51579	51487	4.24e-08	56.3
ZFX	Mico_leucippe_RCA55	67.550	151	26	4	288	435	4701	4831	4.24e-08	55.4
ZFX	Mico_leucippe_RCA55	80.000	60	12	0	531	590	129867	129808	4.24e-08	55.4
ZFX	Mico_leucippe_RCA55	78.462	65	14	0	529	593	279582	279646	4.24e-08	55.4
ZFX	Mico_leucippe_RCA55	79.032	62	13	0	529	590	278419	278480	1.48e-07	54.5
ZFX	Mico_leucippe_RCA55	79.365	63	12	1	529	590	61363	61425	5.16e-07	52.7
ZFX	Mico_leucippe_RCA55	68.382	136	42	1	448	583	27221	27355	6.29e-06	49.1
ZFX	Mico_leucippe_RCA55	78.689	61	12	1	531	590	243720	243660	6.29e-06	49.1
ZFX	Mico_leucippe_RCA55	81.250	48	9	0	374	421	254893	254846	2.19e-05	47.3
ZFX	Mico_leucippe_RCA55	77.419	62	13	1	366	427	100468	100528	2.19e-05	46.4
ZFX	Mico_leucippe_RCA55	75.806	62	15	0	529	590	26680	26619	7.66e-05	45.5
ZFX	Mico_leucippe_RCA55	72.840	81	17	2	366	444	21956	22033	2.67e-04	43.7
ZFX	Mico_leucippe_RCA55	82.927	41	7	0	550	590	27188	27228	2.67e-04	43.7
ZFX	Mico_leucippe_RCA55	82.927	41	7	0	550	590	162518	162478	2.67e-04	43.7
ZFX	Mico_leucippe_RCA55	76.190	63	10	2	530	590	79748	79807	2.67e-04	42.8
ZFX	Mico_leucippe_RCA55	89.286	28	3	0	551	578	8941	8968	0.011	38.3
ZFX	Mico_leucippe_RCA55	77.778	45	10	0	383	427	40735	40779	0.011	37.4
ZFX	Mico_leucippe_RCA55	86.667	30	4	0	561	590	308751	308780	0.011	37.4
ZFX	Mico_leucippe_RCA55	76.596	47	11	0	398	444	6619	6665	0.040	36.5
ZFX	Mico_leucippe_RCA55	91.667	24	2	0	550	573	184151	184128	0.040	35.6
ZFX	Mico_leucippe_RCA55	78.049	41	9	0	551	591	201483	201443	0.14	34.6
ZFX	Mico_leucippe_RCA55	74.510	51	13	0	395	445	233566	233516	0.14	34.6
ZFX	Mico_leucippe_RCA55	78.947	38	8	0	296	333	151164	151127	0.14	33.7
ZFX	Mico_leucippe_RCA55	83.333	30	5	0	415	444	278574	278603	0.48	32.8
ZFX	Mico_leucippe_RCA55	76.923	39	9	0	295	333	265835	265873	1.7	31.0
ZFX	Mico_leucippe_RCA55	77.778	45	7	2	531	574	335447	335489	1.7	31.0
ZFX	Mico_leucippe_RCA55	91.304	23	1	1	392	413	78098	78076	1.7	30.1
ZFX	Mico_leucippe_RCA55	72.414	58	15	1	374	431	96199	96255	1.7	30.1
ZFX	Mico_leucippe_RCA55	72.549	51	14	0	398	448	121308	121358	1.7	30.1
ZFX	Mico_leucippe_RCA55	90.000	20	2	0	753	772	64254	64273	5.9	28.3
ZFX	Mico_leucippe_RCA55	90.000	20	2	0	839	858	102876	102895	5.9	28.3
ZFX	Mico_leucippe_RCA55	80.000	30	6	0	561	590	196186	196215	5.9	28.3
ZFX	Mico_leucippe_RCA55	80.000	30	6	0	398	427	248864	248893	5.9	28.3
ZFX	Mico_leucippe_RCA55	85.185	27	3	1	518	544	257307	257332	5.9	28.3
ZFX	Mico_leucippe_RCA55	84.000	25	4	0	403	427	337614	337590	5.9	28.3
ZFX	Mico_munduruku_RCA23	78.039	255	55	1	325	579	251999	251746	3.71e-53	205
ZFX	Mico_munduruku_RCA23	78.346	254	53	2	340	592	21298	21550	1.29e-52	204
ZFX	Mico_munduruku_RCA23	82.090	201	36	0	383	583	357753	357553	4.51e-52	201
ZFX	Mico_munduruku_RCA23	79.060	234	48	1	330	562	137358	137125	5.50e-51	198
ZFX	Mico_munduruku_RCA23	76.426	263	57	1	311	573	36177	36434	1.92e-50	196
ZFX	Mico_munduruku_RCA23	79.039	229	43	3	356	583	271355	271579	2.85e-48	188
ZFX	Mico_munduruku_RCA23	77.215	237	53	1	339	574	115034	115270	4.23e-46	181
ZFX	Mico_munduruku_RCA23	74.643	280	62	3	309	586	226597	226325	1.48e-45	180
ZFX	Mico_munduruku_RCA23	75.630	238	56	2	310	547	169902	169667	3.96e-40	161
ZFX	Mico_munduruku_RCA23	77.451	204	45	1	380	583	241368	241166	4.82e-39	158
ZFX	Mico_munduruku_RCA23	74.775	222	56	0	296	517	217011	217232	2.50e-36	149
ZFX	Mico_munduruku_RCA23	73.606	269	59	7	287	547	103421	103157	3.04e-35	145
ZFX	Mico_munduruku_RCA23	85.156	128	18	1	448	575	339853	339979	3.71e-34	142
ZFX	Mico_munduruku_RCA23	84.921	126	17	1	448	573	205742	205865	1.29e-33	140
ZFX	Mico_munduruku_RCA23	84.496	129	19	1	447	575	258770	258897	1.29e-33	140
ZFX	Mico_munduruku_RCA23	85.950	121	16	1	444	563	234422	234542	4.52e-33	139
ZFX	Mico_munduruku_RCA23	73.568	227	55	3	356	579	99208	99432	6.71e-31	131
ZFX	Mico_munduruku_RCA23	73.892	203	40	2	385	583	135395	135202	6.71e-31	131
ZFX	Mico_munduruku_RCA23	73.859	241	51	8	340	574	63643	63877	2.34e-30	130
ZFX	Mico_munduruku_RCA23	75.943	212	40	8	377	583	204061	203856	8.17e-30	127
ZFX	Mico_munduruku_RCA23	75.281	178	43	1	337	513	259581	259404	1.21e-27	120
ZFX	Mico_munduruku_RCA23	70.339	236	56	2	317	547	212894	212668	5.16e-26	114
ZFX	Mico_munduruku_RCA23	82.456	114	19	1	461	574	32210	32322	1.80e-25	113
ZFX	Mico_munduruku_RCA23	72.273	220	58	3	356	573	67961	68179	6.28e-25	112
ZFX	Mico_munduruku_RCA23	69.286	280	80	3	295	573	182670	182944	2.19e-24	110
ZFX	Mico_munduruku_RCA23	73.333	195	35	6	393	584	325759	325579	2.67e-23	106
ZFX	Mico_munduruku_RCA23	81.905	105	19	0	475	579	80087	80191	9.32e-23	104
ZFX	Mico_munduruku_RCA23	78.862	123	24	1	461	583	4625	4745	3.25e-22	103
ZFX	Mico_munduruku_RCA23	71.250	240	56	7	348	578	144952	145187	3.25e-22	103
ZFX	Mico_munduruku_RCA23	78.571	140	19	6	448	583	100808	100940	1.14e-21	101
ZFX	Mico_munduruku_RCA23	79.508	122	23	2	452	573	299881	300000	1.14e-21	101
ZFX	Mico_munduruku_RCA23	78.125	128	24	2	448	574	164797	164673	1.14e-21	100
ZFX	Mico_munduruku_RCA23	78.992	119	16	3	461	579	193213	193322	1.38e-20	97.8
ZFX	Mico_munduruku_RCA23	73.125	160	43	0	297	456	242905	242746	4.83e-20	96.0
ZFX	Mico_munduruku_RCA23	78.899	109	23	0	466	574	131173	131281	1.69e-19	94.2
ZFX	Mico_munduruku_RCA23	76.712	146	28	5	449	591	361786	361928	1.69e-19	94.2
ZFX	Mico_munduruku_RCA23	76.866	134	27	3	442	575	179973	180102	1.69e-19	93.3
ZFX	Mico_munduruku_RCA23	87.671	73	9	0	441	513	296983	297055	5.88e-19	92.4
ZFX	Mico_munduruku_RCA23	67.647	238	44	5	348	573	123961	124177	2.05e-18	90.6
ZFX	Mico_munduruku_RCA23	75.182	137	30	2	448	583	325791	325924	2.05e-18	89.7
ZFX	Mico_munduruku_RCA23	72.297	148	37	1	441	584	149335	149482	3.05e-16	82.4
ZFX	Mico_munduruku_RCA23	68.201	239	65	5	357	594	104836	105064	1.30e-14	77.0
ZFX	Mico_munduruku_RCA23	76.699	103	21	1	470	572	265656	265755	1.30e-14	77.0
ZFX	Mico_munduruku_RCA23	75.676	111	25	2	317	427	192151	192043	5.51e-13	72.5
ZFX	Mico_munduruku_RCA23	79.268	82	17	0	433	514	364095	364176	5.51e-13	72.5
ZFX	Mico_munduruku_RCA23	83.871	62	10	0	529	590	21352	21413	6.71e-12	68.0
ZFX	Mico_munduruku_RCA23	83.871	62	9	1	529	590	271393	271453	8.18e-11	64.4
ZFX	Mico_munduruku_RCA23	85.185	54	8	0	530	583	281870	281817	2.85e-10	62.6
ZFX	Mico_munduruku_RCA23	71.642	134	34	3	448	579	281895	282026	9.96e-10	61.7
ZFX	Mico_munduruku_RCA23	82.759	58	10	0	533	590	68003	68060	9.96e-10	60.8
ZFX	Mico_munduruku_RCA23	73.118	93	25	0	318	410	52145	52053	4.24e-08	56.3
ZFX	Mico_munduruku_RCA23	80.000	60	12	0	531	590	135384	135325	4.24e-08	55.4
ZFX	Mico_munduruku_RCA23	77.778	63	13	1	529	590	63701	63763	1.80e-06	50.0
ZFX	Mico_munduruku_RCA23	68.382	136	42	1	448	583	26908	27042	6.29e-06	49.1
ZFX	Mico_munduruku_RCA23	78.689	61	12	1	531	590	259522	259462	6.29e-06	49.1
ZFX	Mico_munduruku_RCA23	78.462	65	12	2	283	345	139080	139016	6.29e-06	48.2
ZFX	Mico_munduruku_RCA23	81.250	48	9	0	374	421	270402	270355	2.19e-05	47.3
ZFX	Mico_munduruku_RCA23	77.419	62	13	1	366	427	104972	105032	2.19e-05	46.4
ZFX	Mico_munduruku_RCA23	82.609	46	7	1	546	590	36271	36316	7.66e-05	44.6
ZFX	Mico_munduruku_RCA23	73.684	76	19	1	516	591	217097	217171	7.66e-05	44.6
ZFX	Mico_munduruku_RCA23	77.778	63	12	2	366	427	234480	234541	7.66e-05	44.6
ZFX	Mico_munduruku_RCA23	72.840	81	17	2	366	444	21459	21536	2.67e-04	43.7
ZFX	Mico_munduruku_RCA23	82.927	41	7	0	550	590	26875	26915	2.67e-04	43.7
ZFX	Mico_munduruku_RCA23	74.242	66	17	0	366	431	115197	115262	2.67e-04	43.7
ZFX	Mico_munduruku_RCA23	82.927	41	7	0	550	590	169799	169759	2.67e-04	43.7
ZFX	Mico_munduruku_RCA23	90.323	31	3	0	543	573	297068	297098	2.67e-04	43.7
ZFX	Mico_munduruku_RCA23	90.000	30	3	0	549	578	6398	6427	0.001	41.9
ZFX	Mico_munduruku_RCA23	71.084	83	23	1	508	590	115070	115151	0.003	39.2
ZFX	Mico_munduruku_RCA23	73.770	61	16	0	529	589	226519	226459	0.003	39.2
ZFX	Mico_munduruku_RCA23	86.667	30	4	0	561	590	325769	325798	0.011	37.4
ZFX	Mico_munduruku_RCA23	76.596	47	11	0	398	444	4695	4741	0.040	36.5
ZFX	Mico_munduruku_RCA23	91.667	24	2	0	453	476	54549	54526	0.040	35.6
ZFX	Mico_munduruku_RCA23	91.667	24	2	0	550	573	192055	192032	0.040	35.6
ZFX	Mico_munduruku_RCA23	79.487	39	8	0	295	333	212759	212721	0.040	35.6
ZFX	Mico_munduruku_RCA23	74.510	51	13	0	395	445	251795	251745	0.14	34.6
ZFX	Mico_munduruku_RCA23	78.947	38	8	0	296	333	158897	158860	0.14	33.7
ZFX	Mico_munduruku_RCA23	80.000	35	7	0	529	563	103309	103275	0.48	32.8
ZFX	Mico_munduruku_RCA23	77.551	49	9	2	397	444	325631	325584	0.48	32.8
ZFX	Mico_munduruku_RCA23	83.333	30	5	0	398	427	361869	361898	0.48	32.8
ZFX	Mico_munduruku_RCA23	90.909	22	2	0	312	333	145087	145108	0.48	31.9
ZFX	Mico_munduruku_RCA23	76.923	39	9	0	295	333	281908	281946	1.7	31.0
ZFX	Mico_munduruku_RCA23	91.304	23	1	1	392	413	79366	79344	1.7	30.1
ZFX	Mico_munduruku_RCA23	72.414	58	15	1	374	431	99363	99419	1.7	30.1
ZFX	Mico_munduruku_RCA23	90.000	20	2	0	356	375	18293	18274	5.9	28.3
ZFX	Mico_munduruku_RCA23	90.000	20	2	0	753	772	66241	66260	5.9	28.3
ZFX	Mico_munduruku_RCA23	90.000	20	2	0	839	858	107431	107450	5.9	28.3
ZFX	Mico_munduruku_RCA23	80.000	30	6	0	561	590	205720	205749	5.9	28.3
ZFX	Mico_munduruku_RCA23	80.000	30	6	0	398	427	265716	265745	5.9	28.3
ZFX	Mico_munduruku_RCA23	85.185	27	3	1	518	544	272833	272858	5.9	28.3
ZFX	Mico_munduruku_RCA23	84.000	25	4	0	403	427	357598	357574	5.9	28.3
ZFX	Mico_munduruku_RCA35	82.609	161	25	2	416	575	55498	55656	4.82e-39	159
ZFX	Mico_munduruku_RCA35	75.556	225	49	4	325	547	30532	30312	8.72e-36	148
ZFX	Mico_munduruku_RCA35	83.453	139	23	0	441	579	45981	46119	8.72e-36	148
ZFX	Mico_munduruku_RCA35	80.451	133	26	0	448	580	65848	65716	9.95e-29	123
ZFX	Mico_munduruku_RCA35	75.625	160	38	1	416	575	57626	57784	2.19e-24	110
ZFX	Mico_munduruku_RCA35	75.148	169	40	2	417	583	111380	111548	2.19e-24	109
ZFX	Mico_munduruku_RCA35	73.125	160	43	0	297	456	72939	72780	4.83e-20	96.0
ZFX	Mico_munduruku_RCA35	87.671	73	9	0	441	513	92972	93044	5.88e-19	92.4
ZFX	Mico_munduruku_RCA35	79.688	64	13	0	308	371	12263	12326	1.21e-08	58.1
ZFX	Mico_munduruku_RCA35	78.571	56	12	0	372	427	40805	40860	6.29e-06	48.2
ZFX	Mico_munduruku_RCA35	81.250	48	9	0	374	421	81655	81608	2.19e-05	47.3
ZFX	Mico_munduruku_RCA35	90.323	31	3	0	543	573	93057	93087	2.67e-04	43.7
ZFX	Mico_munduruku_RCA35	72.727	66	18	0	366	431	46041	46106	0.003	39.2
ZFX	Mico_munduruku_RCA35	78.049	41	9	0	551	591	65880	65840	0.14	34.6
ZFX	Mico_munduruku_RCA35	77.500	40	9	0	551	590	55498	55537	0.48	32.8
ZFX	Mico_munduruku_RCA35	71.667	60	17	0	386	445	55602	55661	0.48	32.8
ZFX	Mico_munduruku_RCA35	91.304	23	1	1	392	413	26739	26717	1.7	30.1
ZFX	Mico_munduruku_RCA35	86.957	23	3	0	552	574	111380	111402	5.9	29.2
ZFX	Mico_munduruku_RCA35	100.000	15	0	0	432	446	45283	45269	5.9	28.3
ZFX	Mico_munduruku_RCA35	85.185	27	3	1	518	544	83457	83482	5.9	28.3
ZFX	Mico_intermedius_MOA08	72.587	259	34	11	295	547	36460	36233	6.71e-31	132
ZFX	Mico_intermedius_MOA08	75.740	169	38	3	417	583	69033	69200	2.19e-24	110
ZFX	Mico_intermedius_MOA08	72.273	220	57	4	356	573	13172	13389	7.65e-24	108
ZFX	Mico_intermedius_MOA08	73.125	160	43	0	297	456	47591	47432	4.83e-20	96.0
ZFX	Mico_intermedius_MOA08	77.660	94	21	0	334	427	36594	36501	4.52e-14	76.1
ZFX	Mico_intermedius_MOA08	82.759	58	10	0	533	590	13214	13271	9.96e-10	60.8
ZFX	Mico_intermedius_MOA08	86.957	23	3	0	552	574	69033	69055	5.9	29.2
ZFX	Mico_intermedius_MOA08	100.000	15	0	0	432	446	25647	25633	5.9	28.3
ZFX	Mico_intermedius_MOA08	77.143	35	8	0	529	563	36534	36500	5.9	28.3
ZFX	Mico_intermedius_MOA08	85.185	27	3	1	518	544	52058	52083	5.9	28.3
# BLAST processed 1 queries
